4294967278,22
4294967278,24
4294967278,23
4294967278,176
4294967278,360
4294967278,359
4294967278,27
4294967278,26
4294967278,25
4294967278,358
4294967278,173
4294967278,31
4294967278,30
4294967278,29
4294967278,28
4294967278,170
4294967278,357
4294967279,554
4294967278,167
4294967278,36
4294967278,35
4294967278,34
4294967278,33
4294967278,32
4294967279,260
4294967279,138
4294967279,277
4294967279,134
4294967279,22
4294967279,21
4294967279,20
4294967279,19
4294967279,18
4294967279,17
4294967279,15
4294967279,14
4294967279,13
4294967279,12
4294967279,553
4294967278,162
4294967278,158
4294967278,157
4294967294,988
4294967294,1424
4294967294,1423
4294967278,156
4294967278,356
4294967278,155
4294967278,154
4294967278,153
33,6
33,5
4294967278,152
33,4
33,3
33,2
33,1
4294967279,552
4294967279,551
4294967278,355
4294967294,162
4294967294,402
4294967294,1030
4294967294,185
4294967278,354
4294967294,989
4294967294,1016
4294967278,353
4294967278,352
4294967279,550
4294967279,549
4294967294,412
4294967294,1018
4294967279,278
4294967278,351
4294967294,38
4294967294,37
4294967294,428
4294967294,44
4294967294,40
4294967294,43
4294967294,42
4294967279,276
4294967294,89
4294967279,271
31,6
4294967279,273
31,5
31,4
4294967279,272
31,3
31,2
31,1
4294967294,416
4294967294,51
4294967279,270
4294967279,548
4294967294,53
4294967278,350
4294967278,349
4294967279,547
4294967294,76
4294967294,99
4294967294,82
4294967279,285
4294967294,969
4294967294,973
4294967294,186
4294967294,87
4294967294,86
4294967294,84
4294967294,424
4294967294,50
4294967294,92
4294967294,90
4294967279,264
4294967279,263
4294967279,262
4294967279,261
4294967278,348
4294967278,257
4294967294,107
4294967278,347
4294967278,260
4294967278,0
28,4
28,3
28,2
28,1
4294967278,256
4294967294,1
4294967294,1032
4294967279,546
4294967279,0
4294967278,254
4294967278,252
4294967278,249
4294967294,15
4294967294,22
4294967294,17
4294967294,36
4294967294,39
4294967294,41
4294967294,1023
4294967294,126
4294967294,18
4294967294,12
4294967294,104
4294967294,106
4294967294,166
4294967294,24
4294967294,175
4294967294,176
4294967278,244
4294967278,241
4294967278,239
4294967294,67
4294967294,471
4294967294,46
4294967278,238
4294967294,94
4294967294,93
4294967294,96
4294967294,95
27,4
4294967278,237
27,2
27,1
4294967278,236
4294967294,9
4294967294,8
0,7
4294967294,45
4294967294,52
4294967294,1021
4294967294,987
4294967294,2
4294967294,0
4294967294,29
4294967294,28
4294967294,27
4294967294,26
4294967294,472
4294967294,25
4294967294,91
4294967294,88
4294967294,85
4294967278,235
4294967278,132
4294967278,131
4294967278,130
4294967278,129
4294967278,128
4294967278,127
4294967278,126
4294967278,125
4294967278,124
4294967278,123
4294967278,122
4294967278,121
4294967278,120
4294967278,119
4294967278,118
4294967278,117
4294967278,116
4294967278,115
4294967278,114
4294967278,113
4294967278,109
4294967278,108
4294967278,224
4294967278,107
4294967278,106
4294967278,105
4294967278,104
4294967278,216
4294967278,103
4294967278,102
4294967278,101
4294967278,100
4294967278,99
4294967278,98
4294967278,97
4294967278,96
4294967278,95
4294967278,94
4294967278,93
4294967278,92
4294967278,91
4294967278,90
4294967278,89
4294967278,87
4294967278,86
4294967278,85
4294967278,84
4294967278,83
4294967278,82
4294967278,81
4294967278,80
4294967278,79
4294967278,78
4294967278,77
4294967278,76
4294967278,75
4294967278,74
4294967278,73
4294967278,72
4294967278,71
4294967278,70
4294967278,69
4294967278,68
4294967278,67
4294967278,66
4294967278,65
4294967278,64
4294967278,63
4294967278,62
4294967278,61
4294967278,60
4294967278,59
4294967278,58
4294967278,57
4294967278,56
4294967278,55
4294967278,54
4294967278,53
4294967278,52
4294967278,51
4294967278,50
4294967278,49
4294967278,48
4294967278,47
4294967278,46
4294967278,45
4294967278,44
4294967278,43
4294967278,42
4294967278,41
4294967278,40
4294967278,39
4294967278,38
4294967278,37
4294967279,24
4294967279,23
4294967279,16
4294967279,11
4294967279,10
4294967279,9
4294967279,8
4294967279,7
4294967279,6
4294967279,5
4294967279,4
4294967294,1035
4294967294,83
4294967294,68
4294967294,11
4294967294,81
4294967278,112
4294967278,234
4294967278,111
4294967278,232
0,5
4294967294,7
4294967278,110
4294967278,230
4294967294,6
4294967294,5
26,5
26,4
26,3
26,2
26,1
4294967278,346
25,5
25,4
25,3
25,2
25,1
4294967294,1421
4294967278,345
4294967279,545
4294967278,344
4294967279,544
4294967278,343
4294967279,543
4294967278,342
4294967279,542
4294967278,341
4294967294,474
4294967279,541
4294967278,340
4294967279,540
4294967278,339
4294967279,539
4294967279,538
4294967278,338
4294967279,537
4294967278,337
4294967278,336
4294967279,536
4294967278,335
4294967279,535
21,5
21,4
21,3
21,2
21,1
4294967279,534
4294967279,533
4294967279,532
4294967278,334
4294967279,531
4294967278,333
4294967279,530
4294967278,332
